Практическая работа 6.
Вариант 17.

Задание 1: Дана строка. Сколько слов имеют длину, не равную N символам?
Тест 1:
Введите строку: Hello! What is your name?
n = 4
2
Тест 2:
Введите строку: cat dog man owl
n = 3
0
Тест 3:
Введите строку: Это просто тест, программа должна вывести 7
n = 2
7

Задание 2: Дан двумерный массив. В первом столбце массива указаны номера строк. Вводится значение K – номер строки матрицы. Упорядочить элементы матрицы в соответствии с порядком в K строке.
Тест 1 (порядок по 2 строке):
Исходный массив:
      01      07      53      02      03      88      96      43      92      39
      02      36      96      25      41      65      91      88      08      40
      03      91      25      61      53      30      32      00      73      05
      04      33      92      99      45      93      93      26      54      71
      05      24      74      28      88      00      82      83      06      30
      06      69      99      23      36      48      20      44      61      60
k = 2
Упорядоченный массив:
      01      92      02      07      39      03      88      43      53      96
      02      08      25      36      40      41      65      88      96      91
      03      73      61      91      05      53      30      00      25      32
      04      54      99      33      71      45      93      26      92      93
      05      06      28      24      30      88      00      83      74      82
      06      61      23      69      60      36      48      44      99      20
Тест 2 (порядок по 8 строке (несуществующей)):
Исходный массив:
      01      01      38      46      13      95      54      19      81      22
      02      66      84      89      92      75      37      52      96      10
      03      16      25      80      14      77      54      48      23      30
      04      85      54      47      86      56      02      17      29      46
      05      01      67      23      88      96      28      54      46      87
      06      50      13      71      23      36      31      22      50      95
k = 8
Упорядоченный массив:
      01      01      38      46      13      95      54      19      81      22
      02      66      84      89      92      75      37      52      96      10
      03      16      25      80      14      77      54      48      23      30
      04      85      54      47      86      56      02      17      29      46
      05      01      67      23      88      96      28      54      46      87
      06      50      13      71      23      36      31      22      50      95
